2016689542
2054477239
2094518018
2094658687
2095542407
2097560597
2097777886
2102517882
2103431207
2104144771
2104652386
2104806840
2105577084
2105705217
2106370044
2106688926
2106976300
2107027863
2107123333
2107226297
2109353079
2109949241
2142437107
2143617665
2143771319
2143854421
2144315170
2145576996
2145851696
2146200913
2147858641
2149198020
2149199031
2149893888
2253958476
2254453940
2256102441
2259550058
2392026905
2392364045
2392923600
2393450675
2396017380
2396776619
2396996279
2399359980
2512989194
2543389109
2546547712
2547810038
2562083181
2812495856
2814001785
2815284175
2815423777
2815457080
2816011120
2816014168
2816246191
2816503463
2817136454
2817157972
2818266120
2818836753
2819407303
2819737316
3052032328
3053333674
3053420429
3054770340
3054813435
3055582671
3056024330
3056024663
3056024665
3056029966
3212091469
3212895001
3213872874
3214300200
3219870281
3234950541
3256274618
3256699478
3258123102
3342011819
3342642700
3342728108
3342816272
3368548884
3373035035
3464422221
3523762746
3523780121
3524444349
3524575115
3527896610
3528575705
3614607069
3615712087
3615747946
3617476759
3617775845
3854167706
3854293133
3855852800
3862309395
4042752276
4043827622
4053946585
4054043849
4056264780
4057956444
4058333247
4073377900
4073850933
4074028707
4074307543
4075306416
4075444599
4076250616
4076370807
4076680865
4076809749
4077147971
4077214468
4078097665
4078104243
4078372021
4078769898
4078901582
4079045004
4079052855
4079676695
4079781237
4092259576
4094341013
4097375780
4098383128
4124985340
4232984241
4233164437
4274973794
4313294573
4322696341
4323028330
4323077887
4326312950
4352875086
4353444397
4353833231
4354219670
4355127836
4355275090
4355598479
4355992540
4356194395
4356685277
4356692761
4356739255
4357038080
4357317902
4358177777
4358909059
4692078320
4692728624
4694510222
4695854093
4696567615
4697189656
4697548220
4698881277
4802285743
4802325325
4802335781
4802379929
4802539454
4802625636
4802663468
4802940055
4802951590
4802998717
4803100373
4803134572
4803269079
4803324833
4803826282
4803936953
4804080734
4804288989
4804474194
4804591825
4804895721
4805283819
4805427341
4805779864
4806003674
4806197472
4806258794
4806665533
4806794267
4806827986
4806865593
4806883938
4806941158
4807291370
4807354665
4807380680
4807801403
4807959953
4807972195
4807988698
4808088181
4808430530
4808818715
4808924845
4809979090
5015487222
5015750110
5044089231
5045652962
5046213465
5046412235
5122650254
5123332039
5123362273
5123948677
5124614276
5124877966
5125220994
5126436675
5126583922
5126862288
5126866248
5127345050
5127370627
5127433084
5127665461
5127899239
5128100083
5128656677
5129436388
5202527734
5203367753
5203383501
5203433850
5207095718
5208360536
5304177729
5592813562
5592977995
5593269534
5595134162
5596016082
5596121455
5596732249
5596793613
5597059238
5597852111
5598011562
5599053825
5599124357
5599423098
5599603559
5599605675
5612795459
5613494100
5613709642
5615239779
5615568490
5615634295
5615665959
5617478501
5617817444
5802168968
6022078536
6022185302
6023156030
6023486188
6023491515
6023507681
6023638267
6023918633
6024007289
6024560154
6024993493
6025718747
6025805606
6026382400
6026887465
6028108355
6028787940
6029199766
6029203409
6029208838
6029808807
6154610796
6158645520
6159824659
6192543519
6194406445
6194420927
6195047751
6196437333
6232088201
6232715956
6233210066
6233306184
6233430035
6233746882
6235379811
6235669150
6235707665
6236061830
6236328889
6237779943
6238257004
6239329104
6264095122
6613644914
6654810221
6787437665
6787942937
7022020609
7022051430
7022133988
7022160475
7022184791
7022284394
7022385627
7022400724
7022409006
7022471958
7022507082
7022523596
7022591246
7022633269
7022652280
7022698467
7022710141
7022735097
7022740840
7022767378
7022875097
7022890142
7022904743
7022936325
7022941759
7022962501
7023024222
7023054694
7023084485
7023238811
7023287430
7023335498
7023341667
7023391527
7023403869
7023407786
7023419414
7023428600
7023462224
7023469118
7023508054
7023557536
7023560183
7023560619
7023584297
7023671150
7023692847
7023693692
7023696044
7023704586
7023713882
7023718494
7023758015
7023760982
7023780760
7023966569
7023967629
7023972371
7023987719
7023992533
7024001946
7024003545
7024005004
7024196870
7024197559
7024252742
7024257665
7024369890
7024389590
7024393739
7024451590
7024456444
7024500780
7024509913
7024519703
7024543667
7024547946
7024571011
7024576700
7024591958
7024612869
7024613842
7024666608
7024694198
7024696514
7024752944
7024757239
7024770808
7024775159
7024807567
7024881843
7024961050
7024970779
7025059928
7025064162
7025084953
7025174815
7025182580
7025189699
7025238826
7025251538
7025259983
7025271985
7025336419
7025341000
7025368081
7025393839
7025398211
7025441709
7025470364
7025514890
7025534590
7025564880
7025576625
7025580855
7025583730
7025607665
7025616713
7025646692
7025647323
7025667057
7025667665
7025691302
7025692849
7025772880
7025776839
7025965312
7025969983
7025970707
7026006508
7026009317
7026009924
7026056936
7026066702
7026080038
7026126104
7026126737
7026230996
7026231119
7026232895
7026264970
7026307725
7026358008
7026380780
7026417003
7026457509
7026472525
7026490019
7026551681
7026553667
7026554607
7026571244
7026583711
7026604499
7026751381
7026758161
7026825437
7026828103
7027077771
7027108675
7027183886
7027206148
7027253088
7027284816
7027360460
7027422170
7027430803
7027466612
7027477378
7027486188
7027496650
7027498536
7027513306
7027550081
7027552280
7027575273
7027586256
7027593664
7027613765
7027637374
7027637887
7027644207
7027674249
7027720772
7027728877
7027731923
7027896796
7027952847
7028044663
7028064846
7028066223
7028066641
7028101798
7028104111
7028155575
7028157894
7028168888
7028185890
7028190940
7028220907
7028221606
7028278300
7028295309
7028460232
7028460884
7028507378
7028507946
7028522272
7028605001
7028626637
7028638232
7028711211
7028722344
7028733758
7028748668
7028768440
7028780998
7028830914
7028834594
7028880842
7028896990
7028903611
7028964662
7029000058
7029031134
7029076651
7029079453
7029274335
7029558888
7029603870
7029634889
7029686269
7029720081
7029781195
7029792871
7029811498
7029848456
7029868607
7029978043
7029999998
7029999999
7042419336
7043851824
7047190867
7047402751
7047957665
7048995509
7049852234
7066813435
7132067625
7132648890
7133054081
7133843835
7134933462
7194158149
7205189699
7252040146
7252047514
7252107444
7252198411
7252325237
7252381569
7252525164
7252592526
7252707495
7252712476
7252861053
7252861813
7252866304
7252878130
7252951485
7253008930
7253052802
7253076218
7253393766
7254443430
7255292857
7255992182
7259002753
7262087593
7262202774
7266103873
7272050566
7272627985
7274157188
7274778444
7276779344
7303147192
7372433360
7372597379
7373784148
7374060996
7377817563
7542399800
7543105850
7543106110
7602702425
7604430112
7604774851
7606960039
7608895016
7608988395
7705243468
7708138660
7725675853
7725678744
7726317370
7726318142
7728828232
7754133962
7754690919
7754902669
7755133531
7755134114
7757271255
7757512309
7757751177
7758436014
7759902065
7759908057
7862956721
7866108240
7866443942
7869709855
8012280738
8012667665
8013047946
8013173660
8013625335
8014503606
8016095555
8016371376
8016513911
8018081581
8018239020
8018338986
8039970212
8064166337
8064452583
8064454796
8065357729
8065842211
8067017002
8067775242
8067860849
8132302838
8133089529
8133847665
8134047520
8134535988
8135315023
8135737372
8135801460
8136774232
8136943331
8137161325
8137305554
8137855595
8138330660
8139225327
8172192380
8173816201
8173867665
8174485739
8174499271
8175105510
8176142546
8177812202
8178237304
8178453533
8178578424
8179054054
8179188073
8179250823
8179931111
8303317401
8303964216
8305328541
8309298848
8322785383
8323329988
8324646645
8324717596
8325283943
8327677594
8327979986
8328414103
8328431198
8328782319
8328797935
8329667266
8336917665
8502707308
8504177580
8505427379
8582433385
8633350824
8634001114
8636706005
8636869115
8639342545
8644589699
8776047430
9012977812
9015992225
9032612177
9032798003
9035303047
9037523892
9038390669
9042068886
9042074602
9042692637
9042697277
9042725676
9042939051
9043778300
9044475551
9044603900
9044725352
9045409886
9045777665
9046252910
9046360903
9046422583
9047034898
9047428240
9092408531
9092666762
9092734569
9093036232
9094400422
9099388935
9099648645
9099941842
9102331703
9103389323
9126670693
9127328508
9156152566
9157554777
9162066721
9162203705
9162251258
9162405443
9162489161
9162949978
9164027665
9164255299
9164697117
9165590727
9166072524
9166128877
9167077788
9167216922
9167279945
9167911221
9167971700
9169476308
9184962818
9199684050
9282301860
9283006310
9283187711
9283791292
9284129746
9285095075
9286801115
9287338085
9287338255
9289194666
9362837012
9405363955
9412411675
9412551900
9413442783
9417169383
9417403347
9417446281
9418898658
9418995893
9512213206
9512329902
9512551541
9513022345
9513709137
9514616911
9514784511
9515198510
9517411417
9543200099
9543831203
9543880041
9543880074
9544751400
9545194411
9548041358
9549535522
9549603335
9549603338
9549603555
9549942288
9563248667
9564899110
9565246200
9565519362
9565951141
9565968322
9566677200
9566749987
9567272545
9567631209
9568672643
9722180124
9722762222
9724688711
9724719005
9725128835
9725272782
9725355080
9728486294
9803369194
9806168147
9806668946
